48 5
1.000000 0.000000 0.000000 0.000000 0.000000
0.950000 0.050000 0.000000 0.000000 0.000000
0.925000 0.075000 0.000001 0.000000 0.000000
0.906250 0.093750 0.000004 0.000000 0.000000
0.893750 0.106250 0.000010 0.000000 0.000000
0.886667 0.113333 0.000019 0.000000 0.000000
0.884375 0.115625 0.000032 0.000000 0.000000
0.886719 0.112891 0.000391 0.000000 0.000000
0.893750 0.105469 0.000781 0.000000 0.000000
0.905273 0.092773 0.001953 0.000000 0.000000
0.921387 0.074707 0.003906 0.000000 0.000000
0.941895 0.050293 0.007813 0.000000 0.000000
0.966797 0.019531 0.013672 0.000000 0.000000
0.995703 -0.017578 0.021875 0.000000 0.000000
1.028809 -0.062012 0.033203 0.000000 0.000000
1.066406 -0.112305 0.046875 0.000000 0.000000
1.108398 -0.168457 0.060059 0.000000 0.000000
1.154785 -0.230469 0.075684 0.000000 0.000000
1.205566 -0.298340 0.092773 0.000000 0.000000
1.260742 -0.372070 0.111328 0.000000 0.000000
1.320313 -0.451660 0.131348 0.000000 0.000000
1.384277 -0.537109 0.152832 0.000000 0.000000
1.452637 -0.628418 0.175781 0.000000 0.000000
1.525391 -0.725586 0.200195 0.000000 0.000000
-0.166667 0.666667 0.000000 0.000000 0.000000
0.000000 0.000000 0.000000 0.000000 0.000000
0.000000 0.000000 0.000000 0.000000 0.000000
0.000000 0.000000 0.000000 0.000000 0.000000
0.000000 0.000000 0.000000 0.000000 0.000000
0.000000 0.000000 0.000000 0.000000 0.000000
0.000000 0.000000 0.000000 0.000000 0.000000
0.000000 0.000000 0.000000 0.000000 0.000000
0.000000 0.000000 0.000000 0.000000 0.000000
0.000000 0.000000 0.000000 0.000000 0.000000
0.000000 0.000000 0.000000 0.000000 0.000000
0.000000 0.000000 0.000000 0.000000 0.000000
0.000000 0.000000 0.000000 0.000000 0.000000
0.000000 0.000000 0.000000 0.000000 0.000000
0.000000 0.000000 0.000000 0.000000 0.000000
0.000000 0.000000 0.000000 0.000000 0.000000
0.000000 0.000000 0.000000 0.000000 0.000000
0.000000 0.000000 0.000000 0.000000 0.000000
0.000000 0.000000 0.000000 0.000000 0.000000
0.000000 0.000000 0.000000 0.000000 0.000000
0.000000 0.000000 0.000000 0.000000 0.000000
0.000000 0.000000 0.000000 0.000000 0.000000
0.000000 0.000000 0.000000 0.000000 0.000000
0.000000 0.000000 0.000000 0.000000 0.000000
